lap=0.66666666666667
nextCheckpointP2y=-0.11475
acceleration=0.0
nextCheckpointP2x=0.09875
delta_drift_angle=0.0
drift_angle=0.0
nextCheckpointNum=0.038461538461538
nextCheckpointP1y=-0.2675
framesInAir=0.0
isGrounded=1
isGoingBackwards=0
nextCheckpointP1x=0.091
speed=0.0
dy=0.0
dx=0.0
dz=0.0
