lap=0.33333333333333
nextCheckpointP2y=-0.17625
delta_drift_angle=0.0
nextCheckpointP1x=-0.04225
nextCheckpointP2x=0.05225
speed=-0.32
nextCheckpointP1y=-0.334
nextCheckpointNum=0.11538461538462
dz=0.0
dx=0.0
framesInAir=0.0
isGrounded=1
drift_angle=0.0
isGoingBackwards=0
acceleration=0.0
dy=0.0
